M200 - SOMA 
|M200|0|0|0|0|0|0|0|1038,26|0|0|1038,26|1038,26| Matriz
|M200|0|0|0|0|0|0|0| 299,87|0|0| 299,87| 299,87| Filial
                   |   SOMA|   |   SOMA|   SOMA|
|M200|0|0|0|0|0|0|0|1338,12|0|0|1338,12|1338,12|

M205 - SOMA
|M205|12|810902|1038,26| Matriz
|M205|12|810902| 299,87| Filial
	       |   SOMA|
|M205|12|810902|1338,12| Final

M210 - SOMA
|M210|51|159990,42|159732,02|0|0|159732,02|0,65|0||1038,26|0|0|0|0|1038,26| Matriz
|M210|51| 47262,62| 46133,25|0|0| 46133,25|0,65|0|| 299,87|0|0|0|0| 299,87| Filial
	|     SOMA|     SOMA|   |     SOMA|       |   SOMA|       |   SOMA|
|M210|51|207253,04|205865,27|0|0|205865,27|0,65|0||1338,12|0|0|0|0|1338,12| Final

M600 - SOMA
|M600|0|0|0|0|0|0|0|4791,96|0|0|4791,96|4791,96| Matriz
|M600|0|0|0|0|0|0|0|1384   | |0|1384   |1384   | Filial
                   |   SOMA|   |   SOMA|   SOMA|
|M600|0|0|0|0|0|0|0|6175,96| |0|1384   |6175,96| Final

M605 - SOMA
|M605|12|217201|4791,96| Matriz
|M605|12|217201|1384   | Filial
               |   SOMA|
|M605|12|217201|6175,96| Final

M610 - SOMA
|M610|51|159990,42|159732,02|0|0|159732,02|3|0||4791,96|0|0|0|0|4791,96| Matriz
|M610|51| 47262,62| 46133,25|0|0| 46133,25|3|0||1384   |0|0|0|0|1384   | Filial
        |     SOMA|     SOMA|   |     SOMA|    |   SOMA|       |   SOMA|
|M610|51|207253,04|205865,27|0|0|205865,27|3|0||6175,96|0|0|0|0|6175,96| Final

Bloco 400/800
